1 56 1
2 24 2
3 121 3
4 14 4
5 6 5
6 72 6
7 11 7
8 11 8
9 19 9
10 68 10
11 7 11
12 51 12
13 26 13
14 130 14
15 98 15
16 28 16
17 47 17
18 21 18
19 16 19
20 29 20
21 52 21
22 10 22
23 63 23
24 0 24
25 44 25
26 57 26
27 47 27
28 10 28
29 41 29
30 1 30
31 61 31
32 37 32
33 11 33
34 29 34
35 27 35
36 40 36
37 86 37
38 2 38
39 29 39
40 52 40
41 57 41
42 11 42
43 73 43
44 12 44
45 6 45
46 36 46
47 51 47
48 75 48
49 14 49
50 76 50
51 35 51
52 10 52
53 2 53
54 71 54
55 37 55
56 20 56
57 16 57
58 46 58
59 79 59
60 82 60
61 14 61
62 4 62
63 76 63
64 23 64
65 0 65
66 32 66
67 88 67
68 41 68
69 42 69
70 116 70
71 75 71
72 48 72
73 81 73
74 6 74
75 22 75
76 73 76
77 145 77
78 7 78
79 79 79
80 46 80
81 25 81
82 124 82
83 35 83
84 62 84
85 53 85
86 105 86
87 61 87
88 8 88
89 6 89
90 56 90
91 12 91
92 96 92
93 39 93
94 40 94
95 119 95
96 31 96
97 54 97
98 85 98
99 17 99
100 93 100
101 53 101
102 47 102
103 43 103
104 61 104
105 88 105
106 38 106
107 29 107
108 65 108
109 82 109
110 106 110
111 94 111
112 4 112
113 1 113
114 83 114
115 1 115
116 13 116
117 43 117
118 8 118
119 37 119
120 14 120
121 29 121
122 28 122
123 16 123
124 38 124
125 8 125
126 51 126
127 35 127
128 60 128
129 5 129
130 23 130
131 68 131
132 14 132
133 122 133
134 76 134
135 69 135
136 72 136
137 64 137
138 13 138
139 39 139
140 13 140
141 139 141
142 123 142
143 47 143
144 43 144
145 49 145
146 1 146
147 71 147
148 15 148
149 33 149
150 64 150
151 4 151
152 15 152
153 14 153
154 73 154
155 5 155
156 5 156
157 6 157
158 57 158
159 93 159
160 63 160
161 3 161
162 60 162
163 29 163
164 57 164
165 47 165
166 54 166
167 76 167
168 55 168
169 45 169
170 55 170
171 45 171
172 0 172
173 87 173
174 30 174
175 112 175
176 32 176
177 6 177
178 31 178
179 18 179
180 22 180
181 60 181
182 59 182
183 70 183
184 11 184
185 32 185
186 1 186
187 3 187
188 73 188
189 25 189
190 75 190
191 24 191
192 88 192
193 20 193
194 27 194
195 76 195
196 123 196
197 21 197
198 66 198
199 71 199
200 15 200
201 16 201
202 44 202
203 36 203
204 40 204
205 5 205
206 5 206
207 2 207
208 17 208
209 52 209
210 37 210
211 38 211
212 30 212
213 87 213
214 26 214
215 39 215
216 16 216
217 26 217
218 33 218
219 55 219
220 20 220
221 86 221
222 6 222
223 29 223
224 45 224
225 34 225
226 18 226
227 18 227
228 105 228
229 10 229
230 53 230
231 54 231
232 13 232
233 34 233
234 118 234
235 52 235
236 29 236
237 41 237
238 52 238
239 27 239
240 67 240
241 81 241
242 91 242
243 17 243
244 27 244
245 14 245
246 56 246
247 22 247
248 55 248
249 45 249
250 65 250
251 55 251
252 75 252
253 50 253
254 22 254
255 94 255
256 65 256
257 96 257
258 64 258
259 96 259
260 62 260
261 24 261
262 16 262
263 43 263
264 34 264
265 75 265
266 7 266
267 51 267
268 34 268
269 1 269
270 108 270
271 30 271
272 30 272
273 62 273
274 91 274
275 89 275
276 5 276
277 19 277
278 14 278
279 76 279
280 3 280
281 37 281
282 23 282
283 43 283
284 1 284
285 48 285
286 48 286
287 24 287
288 9 288
289 17 289
290 108 290
291 104 291
292 58 292
293 12 293
294 38 294
295 35 295
296 41 296
297 15 297
298 57 298
299 14 299
300 81 300
301 60 301
302 20 302
303 49 303
304 2 304
305 13 305
306 35 306
307 38 307
308 37 308
309 74 309
310 1 310
311 24 311
312 42 312
313 36 313
314 116 314
315 18 315
316 63 316
317 7 317
318 16 318
319 48 319
320 70 320
321 22 321
322 5 322
323 54 323
324 114 324
325 4 325
326 54 326
327 47 327
328 24 328
329 41 329
330 69 330
331 68 331
332 95 332
333 33 333
334 3 334
335 15 335
336 132 336
337 30 337
338 56 338
339 6 339
340 75 340
341 70 341
342 29 342
343 34 343
344 26 344
345 99 345
346 36 346
347 51 347
348 44 348
349 4 349
350 10 350
351 67 351
352 92 352
353 74 353
354 31 354
355 28 355
356 63 356
357 77 357
358 102 358
359 9 359
360 48 360
361 57 361
362 94 362
363 107 363
364 27 364
365 63 365
366 2 366
367 48 367
368 1 368
369 69 369
370 25 370
371 19 371
372 42 372
373 60 373
374 84 374
375 5 375
376 51 376
377 3 377
378 21 378
379 72 379
380 64 380
381 172 381
382 65 382
383 18 383
384 91 384
385 22 385
386 26 386
387 8 387
388 104 388
389 35 389
390 32 390
391 51 391
392 43 392
393 18 393
394 9 394
395 142 395
396 16 396
397 77 397
398 84 398
399 47 399
400 16 400
401 77 401
402 62 402
403 85 403
404 52 404
405 20 405
406 9 406
407 148 407
408 74 408
409 32 409
410 7 410
411 21 411
412 44 412
413 83 413
414 27 414
415 17 415
416 32 416
417 25 417
418 108 418
419 0 419
420 14 420
421 58 421
422 12 422
423 30 423
424 57 424
425 112 425
426 3 426
427 6 427
428 13 428
429 28 429
430 18 430
431 144 431
432 25 432
433 49 433
434 43 434
435 134 435
436 99 436
437 26 437
438 49 438
439 124 439
440 1 440
441 51 441
442 7 442
443 58 443
444 53 444
445 38 445
446 70 446
447 81 447
448 40 448
449 46 449
450 85 450
451 27 451
452 45 452
453 51 453
454 27 454
455 70 455
456 28 456
457 33 457
458 33 458
459 8 459
460 23 460
461 55 461
462 47 462
463 2 463
464 36 464
465 57 465
466 74 466
467 34 467
468 11 468
469 44 469
470 5 470
471 49 471
472 3 472
473 61 473
474 5 474
475 17 475
476 28 476
477 16 477
478 126 478
479 31 479
480 53 480
481 41 481
482 15 482
483 7 483
484 5 484
485 30 485
486 55 486
487 77 487
488 101 488
489 45 489
490 26 490
491 57 491
492 10 492
493 40 493
494 21 494
495 3 495
496 0 496
497 65 497
498 15 498
499 3 499
500 64 500
501 33 501
502 5 502
503 1 503
504 106 504
505 64 505
506 13 506
507 87 507
508 32 508
509 32 509
510 26 510
511 75 511
512 54 512
513 2 513
514 27 514
515 152 515
516 77 516
517 55 517
518 88 518
519 67 519
520 19 520
521 97 521
522 21 522
523 19 523
524 36 524
525 27 525
526 39 526
527 133 527
528 30 528
529 72 529
530 56 530
531 5 531
532 36 532
533 43 533
534 43 534
535 67 535
536 29 536
537 4 537
538 60 538
539 28 539
540 16 540
541 28 541
542 39 542
543 26 543
544 19 544
545 30 545
546 37 546
547 64 547
548 3 548
549 11 549
550 10 550
551 30 551
552 141 552
553 12 553
554 24 554
555 17 555
556 18 556
557 50 557
558 1 558
559 48 559
560 58 560
561 109 561
562 55 562
563 8 563
564 41 564
565 43 565
566 157 566
567 22 567
568 4 568
569 84 569
570 123 570
571 53 571
572 40 572
573 14 573
574 35 574
575 144 575
576 75 576
577 1 577
578 17 578
579 66 579
580 60 580
581 20 581
582 27 582
583 78 583
584 50 584
585 61 585
586 33 586
587 50 587
588 99 588
589 77 589
590 23 590
591 112 591
592 5 592
593 14 593
594 30 594
595 26 595
596 23 596
597 76 597
598 100 598
599 18 599
600 65 600
601 21 601
602 6 602
603 13 603
604 58 604
605 31 605
606 15 606
607 63 607
608 11 608
609 45 609
610 3 610
611 23 611
612 2 612
613 65 613
614 40 614
615 104 615
616 15 616
617 36 617
618 10 618
619 44 619
620 28 620
621 96 621
622 18 622
623 1 623
624 97 624
625 75 625
626 60 626
627 45 627
628 18 628
629 76 629
630 108 630
631 79 631
632 27 632
633 18 633
634 35 634
635 15 635
636 83 636
637 12 637
638 9 638
639 45 639
640 112 640
641 81 641
642 68 642
643 127 643
644 36 644
645 6 645
646 66 646
647 76 647
648 38 648
649 99 649
650 17 650
651 31 651
652 26 652
653 34 653
654 13 654
655 1 655
656 18 656
657 0 657
658 96 658
659 76 659
660 48 660
661 22 661
662 26 662
663 65 663
664 28 664
665 96 665
666 40 666
667 45 667
668 1 668
669 12 669
670 63 670
671 31 671
672 43 672
673 85 673
674 31 674
675 9 675
676 4 676
677 65 677
678 57 678
679 109 679
680 121 680
681 55 681
682 20 682
683 33 683
684 33 684
685 83 685
686 16 686
687 77 687
688 39 688
689 6 689
690 5 690
691 153 691
692 19 692
693 6 693
694 82 694
695 53 695
696 2 696
697 113 697
698 41 698
699 71 699
700 162 700
701 67 701
702 30 702
703 55 703
704 45 704
705 40 705
706 70 706
707 6 707
708 45 708
709 15 709
710 56 710
711 142 711
712 31 712
713 47 713
714 43 714
715 0 715
716 24 716
717 120 717
718 42 718
719 39 719
720 62 720
721 3 721
722 102 722
723 45 723
724 112 724
725 41 725
726 62 726
727 29 727
728 0 728
729 5 729
730 37 730
731 55 731
732 43 732
733 26 733
734 21 734
735 35 735
736 54 736
737 25 737
738 193 738
739 76 739
740 12 740
741 101 741
742 35 742
743 82 743
744 43 744
745 73 745
746 13 746
747 5 747
748 22 748
749 43 749
750 33 750
751 13 751
752 139 752
753 111 753
754 52 754
755 50 755
756 38 756
757 65 757
758 2 758
759 28 759
760 1 760
761 67 761
762 55 762
763 48 763
764 6 764
765 83 765
766 32 766
767 6 767
768 12 768
769 17 769
770 34 770
771 114 771
772 8 772
773 1 773
774 43 774
775 113 775
776 5 776
777 65 777
778 55 778
779 71 779
780 159 780
781 46 781
782 84 782
783 2 783
784 5 784
785 31 785
786 74 786
787 81 787
788 61 788
789 4 789
790 45 790
791 61 791
792 26 792
793 47 793
794 9 794
795 2 795
796 15 796
797 14 797
798 37 798
799 1 799
800 4 800
801 78 801
802 61 802
803 97 803
804 14 804
805 0 805
806 50 806
807 76 807
808 7 808
809 34 809
810 35 810
811 47 811
812 20 812
813 54 813
814 52 814
815 8 815
816 59 816
817 44 817
818 93 818
819 44 819
820 39 820
821 40 821
822 28 822
823 48 823
824 15 824
825 101 825
826 36 826
827 11 827
828 33 828
829 65 829
830 134 830
831 4 831
832 37 832
833 63 833
834 13 834
835 4 835
836 15 836
837 85 837
838 28 838
839 32 839
840 31 840
841 79 841
842 39 842
843 27 843
844 16 844
845 1 845
846 44 846
847 53 847
848 19 848
849 68 849
850 62 850
851 57 851
852 12 852
853 31 853
854 120 854
855 47 855
856 18 856
857 24 857
858 44 858
859 58 859
860 16 860
861 4 861
862 3 862
863 84 863
864 2 864
865 48 865
866 119 866
867 105 867
868 3 868
869 22 869
870 0 870
871 46 871
872 3 872
873 4 873
874 118 874
875 47 875
876 0 876
877 30 877
878 100 878
879 23 879
880 55 880
881 0 881
882 52 882
883 82 883
884 60 884
885 72 885
886 25 886
887 8 887
888 74 888
889 34 889
890 136 890
891 6 891
892 13 892
893 7 893
894 13 894
895 77 895
896 41 896
897 36 897
898 94 898
899 25 899
900 17 900
901 58 901
902 14 902
903 21 903
904 16 904
905 19 905
906 83 906
907 38 907
908 48 908
909 37 909
910 31 910
911 96 911
912 35 912
913 61 913
914 24 914
915 46 915
916 88 916
917 3 917
918 35 918
919 99 919
920 23 920
921 90 921
922 75 922
923 133 923
924 3 924
925 38 925
926 64 926
927 33 927
928 61 928
929 55 929
930 6 930
931 5 931
932 20 932
933 84 933
934 14 934
935 29 935
936 27 936
937 7 937
938 24 938
939 30 939
940 45 940
941 101 941
942 19 942
943 65 943
944 57 944
945 73 945
946 25 946
947 36 947
948 58 948
949 70 949
950 24 950
951 70 951
952 11 952
953 64 953
954 3 954
955 2 955
956 20 956
957 32 957
958 8 958
959 38 959
960 52 960
961 6 961
962 57 962
963 27 963
964 56 964
965 46 965
966 55 966
967 49 967
968 32 968
969 3 969
970 50 970
971 10 971
972 130 972
973 14 973
974 86 974
975 2 975
976 60 976
977 73 977
978 133 978
979 48 979
980 20 980
981 19 981
982 20 982
983 17 983
984 38 984
985 36 985
986 8 986
987 28 987
988 57 988
989 50 989
990 29 990
991 108 991
992 46 992
993 7 993
994 79 994
995 30 995
996 17 996
997 34 997
998 18 998
999 70 999
1000 14 1000
1001 11 1001
1002 49 1002
1003 97 1003
1004 110 1004
1005 92 1005
1006 99 1006
1007 125 1007
1008 3 1008
1009 69 1009
1010 45 1010
1011 43 1011
1012 19 1012
1013 15 1013
1014 91 1014
1015 10 1015
1016 112 1016
1017 91 1017
1018 67 1018
1019 46 1019
1020 51 1020
1021 24 1021
1022 22 1022
1023 42 1023
1024 21 1024
